function y = rescaleSpectrum(x);

maxVals = [ 14.7183   23.6938   27.2538   32.4081   26.1351   25.6787   34.6354   18.5019   26.9226   25.6013   28.2088   24.0824   85.8305];
minVals = [-40.9617  -27.4342  -32.9364  -28.3633  -41.9651  -39.0292  -31.2931  -43.7151  -30.6331  -32.7280  -23.2584  -20.7948   41.1654];

y = (x - minVals)./(maxVals -minVals);
